145
14598
50578
76244
23700
2189
4575
2816
4884
5357
6565
7021
80084
71396
8624
8633
8991
14655
15401
15468
16146
16169
16327
16362
16488
16499
16551
16776
18757
19339
20579
20684
21023
23972
24306
24548
24836
25865
27307
27310
27984
27987
27992
28067
28560
28849
30709
30839
34181
37761
40619
43714
44018
44892
46327
47149
49714
52560
56682
56905
57051
59426
59847
60812
61128
61428
61603
61608
62042
62371
64276
64339
64729
64818
66039
68769
69780
72801
73413
75644
76240
76395
79307
79600
80062
80607
81512
81558
83642
83905
84241
84709
86385
87479
88793
89503
90048
90583
91194
91620
93811
95998
97910
99539
100089
100250
100472
100829
100858
102234
102611
103887
104031
105203
105466
105800
109275
109330
109439
109780
109819
110507
110663
111060
111317
111377
111380
111436
111442
111559
111617
111628
111642
111654
111810
117188
117266
119521
120048
122054
125660
127644
127859
129884
135430
137125
144361
144969
145681
146989
147003
147513
151358
151363
151424
153701
154235
157156
159136
160226
181091
184371
185184
185651
185766
185905
186049
189207
189595
191556
192689
193664
207293
217201
220272
229351
229393
229406
282198
9
113868
12069
14572
102131
65290
147197
25332
72728
118746
102591
11434
16568
14574
16571
4796
157160
65916
9503
18709
183077
97402
14591
109926
102963
76295
105073
43060
11723
184324
150054
93345
13152
76279
117271
198809
60755
5848
81564
4788
8958
23506
79379
68823
4428
66434
49195
234781
156474
63234
65868
97916
189715
111401
34116
16298
49686
160201
76054
23333
154232
190558
151371
63178
59787
13720
46230
185963
44741
4773
131385
217536
35376
13853
184095
14968
23684
16964
149776
118661
83889
4081
11320
187155
186047
16231
187528
50148
159824
25853
210511
189807
50330
87643
146953
188845
119454
76779
73417
88977
103943
111400
51185
34286
225016
11393
99602
89403
56731
229866
146988
99766
64884
9512
146701
90536
188844
52679
33893
107069
184362
58540
184186
126981
49702
69109
105105
93900
38930
185180
184193
184672
112092
131541
188540
238749
7124
73216
107300
110881
104043
72726
181145
156442
37368
31285
160222
191197
90443
187165
70003
86421
110634
150739
142526
35198
90300
185222
43145
157056
594
86
234972
218612
183277
146991
189289
55249
66683
164
34
201
50157
94841
99
196323
106538
49691
93
100
11272
186392
221885
11106
93798
86340
50909
656
23
50
4536
862
48
160144
191454
62
95
5668
22
111
67
234433
20
80479
4534
153244
4371
46
158
111610
25
72
863
454
4714
189600
50276
24
36132
229510
44
53001
11
245
87163
27
153
85533
81
9599
104094
190224
60
566
205
71
24687
199854
189932
189290
14620
11143
189775
89
103347
199002
191371
118718
134
32
7624
42566
74
129
616
152961
20432
147508
36161
192890
16
34299
87
10943
88724
76816
234004
110
6581
70
52736
15370
9484
49
155969
43683
36
33
181774
67958
155
4535
18654
144272
61600
77
68
28862
160
76869
8980
10933
8390
2068
25825
15156
246
227420
183
89856
7934
181
100079
81539
9381
118981
148412
19336
58
55706
27943
92975
91
70125
5705
15243
1587
14446
760
7157
81533
108
898
1584
581
4368
86204
497
65
191
679
61616
21720
4749
116
161
138
11952
38
2102
19366
14556
70202
79593
117319
66
895
79349
9978
220179
185619
4540
71573
70739
521
43751
156538
45342
10022
10520
145241
884
43784
182728
4531
805
28
463
143
120746
4537
4376
110970
10637
13543
239
10035
45418
2070
57819
27954
154238
6160
914
18075
9565
185
109686
12874
11024
14435
663
43690
8699
10983
4378
109260
21727
25740
11050
110673
8862
15715
885
27138
153799
43778
40
45348
10062
561
44742
13405
109314
886
1601
67964
45259
229354
84551
2363
9378
154121
30
186545
18668
883
79507
3866
19118
158461
2923
20535
52198
18951
9790
188727
10927
5813
9148
10926
10083
795
576
845
11096
42
56
85
135
162
166
177
182
213
223
242
253
256
277
281
286
462
487
522
532
551
596
617
618
635
640
719
776
793
796
819
840
867
890
896
897
916
1580
1871
1875
1890
1895
1897
1905
1943
1955
1990
2057
2166
2581
2583
2886
3070
3083
3446
4370
4373
4374
4538
4541
4758
5519
5580
5616
5704
6065
6081
6687
7625
8152
8424
8746
8969
9024
9058
9090
9119
9334
9452
9655
10018
10025
10876
10992
10993
11054
11096
11137
11861
11873
11898
11911
12015
12016
12017
12021
12764
13487
13506
14482
14483
14487
14488
14561
14568
14647
14650
14664
14690
14691
14698
15705
15708
15716
15846
16156
16159
16554
16600
16622
18438
19268
20193
20199
20729
20992
21907
21934
22938
23368
23968
24645
26650
27949
28096
28826
29230
31816
38666
39560
43711
43721
43724
43732
43764
43774
45240
45316
45327
45345
45352
45356
45358
45360
45366
45413
51498
53237
55384
55476
56166
57048
58135
59646
59798
59820
60510
60656
64920
65509
65819
65821
66489
66878
67362
70035
70039
70374
70443
71829
71978
73669
74699
76258
80499
80530
81505
81545
81551
81555
81566
82410
84246
86380
86998
87045
87467
88624
90903
93802
94840
95183
95654
97907
99782
102295
106184
106377
109832
110242
110541
111164
111636
111656
118282
118614
119117
119129
119264
120215
134050
144356
146875
149681
149778
150044
151358
154237
180298
181460
184206
184209
185760
186128
186682
191183
209926
210482
223309
229379
230189
1588
158466
16560
10019
118551
7604
79008
25832
16241
7733
115
864
20194
17229
116363
10006
19386
118662
96559
150773
57996
43743
53495
15596
8983
44739
62460
133859
13916
111649
144467
794
4473
8765
282
18161
16496
12086
125774
93813
3776
7500
